
import pandas as pd

# Create the DataFrame structure for 87 amino acids and 26 physicochemical descriptors
data = {
    "Amino Acid": [
        "Ala", "Arg", "Asn", "Asp", "Cys", "GIn", "Glu", "Gly", "His", "Ile",
        "Leu", "Lys", "Met", "Phe", "Pro", "Ser", "Thr", "Trp", "Tyr", "Val",
        "Acpa", "Aecys", "Afa", "Aiba", "Aile", "Alg", "Aba", "Aphe", "Bal", "Brphe",
        "Cha", "Cit", "Clala", "Cle", "Clphe", "Cya", "Dab", "Dap", "Dhp", "Dhphe",
        "Fphe", "Gaa", "Hag", "Hlys", "Hnvl", "Hog", "Hoph", "Hos", "Hpr", "Iphe",
        "Ise", "MIe", "Msmet", "INala", "2Nala", "Ne", "NmAla", "Nva", "Obser", "ObTyr",
        "OeTyr", "Omser", "OmThr", "OmTyr", "Orn", "Pen", "Pga", "Pip", "Sar", "Tfa",
        "ThPhe", "Vig", "Aaspa", "Ahdna", "Ahoha", "Ahsopa", "Ahspa", "Ahtda", "Dadna", "Datda",
        "Dfni", "Dfnv", "Dtca", "Hfnl", "PfHl", "Pfnv", "Tca"
    ],
    "MW": [
        89.1, 174.2, 132.1, 133.1, 121.2, 146.1, 147.1, 75.1, 155.2, 131.2,
        131.2, 146.2, 149.2, 165.2, 115.1, 105.1, 119.1, 204.2, 181.2, 117.2,
        159.2, 164.2, 151.2, 103.1, 131.2, 115.1, 103.1, 180.2, 89.1, 244.1,
        171.2, 175.2, 123.5, 129.2, 199.6, 169.2, 118.2, 104.2, 113.1, 197.2,
        183.2, 195.2, 188.2, 162.1, 133.1, 160.2, 179.2, 119.1, 131.2, 291.1,
        105.1, 145.2, 199.8, 215.3, 215.3, 131.2, 103.1, 117.2, 195.2, 271.3,
        209, 119.1, 133, 195.2, 132.2, 149, 129.1, 129.2, 89.1, 143.1,
        213.2, 101.1, 196.2, 193.2, 149.1, 197.2, 165.2, 237.3, 192.2, 236.3,
        167.1, 153.1, 178.2, 257.1, 221.1, 207.1, 160.2
    ],
    "TLI": [
        60, 1, 39, 66, 35, 53, 74, 44, 9, 80,
        82, 1, 77, 82, 52, 44, 58, 86, 81, 74,
        88, 2, 78, 71, 80, 74, 69, 64, 44, 85,
        89, 55, 69, 75, 80, 88, 1, 1, 55, 71,
        79, 23, 1, 1, 68, 56, 88, 55, 58, 88,
        19, 87, 1, 88, 88, 84, 53, 77, 84, 78,
        86, 68, 66, 84, 1, 63, 90, 58, 42, 90,
        86, 67, 1, 64, 1, 72, 60, 2, 2, 3,
        88, 81, 56, 94, 97, 91, 67
    ],
    "TL2": [
        9, 1, 5, 2, 40, 7, 4, 6, 1, 28,
        33, 1, 29, 35, 11, 6, 11, 40, 32, 22,
        42, 1, 27, 15, 30, 22, 15, 18, 5, 46,
        42, 6, 20, 22, 46, 7, 1, 1, 13, 31,
        43, 3, 2, 0, 21, 7, 42, 9, 9, 47,
        11, 56, 2, 31, 61, 51, 20, 46, 53, 52,
        55, 30, 30, 51, 6, 13, 43, 25, 17, 45,
        32, 30, 5, 17, 21, 22, 29, 15, 7, 6,
        55, 44, 23, 65, 63, 61, 35
    ],
    "TL3": [
        52, 19, 21, 38, 46, 32, 42, 32, 16, 72,
        73, 19, 63, 66, 57, 36, 46, 49, 68, 68,
        81, 14, 59, 66, 73, 61, 35, 38, 70, 78,
        32, 47, 71, 86, 34, 27, 16, 51, 64, 32,
        34, 20, 51, 17, 55, 32, 54, 16, 17, 34,
        11, 54, 22, 57, 57, 51, 47, 46, 58, 43,
        54, 41, 47, 56, 2, 34, 37, 38, 24, 53,
        29, 31, 19, 28, 26, 25, 31, 33, 10, 9,
        50, 44, 44, 73, 66, 64, 43
    ],
    "vdW": [
        13.7, 64.9, 32.5, 30.0, 25.0, 42.7, 40.2, 3.5, 45.1, 44.4,
        44.4, 51.1, 45.0, 56.1, 30.7, 18.3, 28.5, 75.1, 61.6, 34.1,
        64.8, 53.0, 45.8, 23.9, 44.4, 30.6, 23.9, 63.2, 13.7, 68.2,
        67.0, 60.6, 22.5, 37.5, 65.6, 41.6, 3.5, 20.8, 22.5, 65.6,
        60.6, 22.5, 67.0, 60.6, 22.5, 27.2, 75.1, 55.6, 60.6, 64.4,
        19.5, 67.0, 55.6, 81.7, 81.7, 44.4, 13.7, 34.1, 70.0, 113.3,
        81.2, 37.8, 37.8, 70.9, 1, 41.2, 45.5, 32.1, 3.5, 69.9,
        81.7, 20.4
